best_trial: 45
best_value: 0.9011235955056179
best_params:
  num_layers: 1
  hidden_dim: 914
  learning_rate: 0.0001524383190079002
  weight_decay: 1.0709353992161583e-07
  batch_size: 128
  warmup_ratio: 0.07782440825261772
  activation: relu
  regularization: batchnorm
  dropout_rate: 0.45357168669830017
  cls_pooling: true
  init_scale: 0.07586663708712484
n_trials: 60
n_complete: 2
n_pruned: 58
