best_trial: 0
best_value: 0.9012718808573732
best_params:
  architecture_type: plane_resnet
  learning_rate: 0.0003343051644555591
  weight_decay: 1.2872474615821828e-08
  batch_size: 64
  num_planes: 11
  plane_width: 128
  warmup_ratio: 0.03543149660386842
  cls_pooling: true
n_trials: 1
n_complete: 1
n_pruned: 0
