best_trial: 0
best_value: 0.8449438202247191
best_params:
  architecture_type: plane_resnet
  learning_rate: 0.000291063591313307
  weight_decay: 9.846738873614555e-06
  batch_size: 16
  num_planes: 15
  plane_width: 256
  warmup_ratio: 0.16648852816008436
  cls_pooling: true
n_trials: 1
n_complete: 1
n_pruned: 0
