true_label,business,entertainment,politics,sport,tech,All
business,33,12,6,34,17,102
entertainment,5,40,3,22,7,77
politics,7,5,46,19,7,84
sport,3,8,5,81,5,102
tech,7,11,9,16,37,80
All,55,76,69,172,73,445
